CORONA 29
1 1 1 2 3 4 5 5 6 9 42 86 90 105 115 323 512 1316 1345 1395 1917 2473 3078 3182 6885 40569 81551 284167 304971
CORONA 19
1 1 1 2 3 4 4 5 6 16 17 69 100 1082 3524 3827 4802 8064 59155
CORONA 22
1 1 4 5 5 22 28 86 98 296 366 459 580 614 853 974 1287 4531 4661 39446 66866 709914
CORONA 35
5 9 12 15 15 37 61 103 132 216 225 460 474 578 647 850 1187 1702 2111 2802 3777 4292 6218 6621 8684 9950 10038 13813 15928 31024 44985 65644 94409 94564 495607
CORONA 25
5 6 8 46 52 53 61 72 189 288 360 756 1307 2232 2305 3748 3892 4467 6468 13143 14553 37572 147906 257294 280595
CORONA 22
1 1 1 1 1 2 2 2 5 8 31 107 136 163 929 1044 1159 2026 3120 11333 22956 802082
CORONA 21
1 2 2 2 4 6 6 14 17 17 21 24 40 76 127 256 325 2754 7400 17104 867379
CORONA 22
1 1 2 2 2 7 8 18 23 38 42 42 69 96 121 149 343 2031 2480 4262 5052 417680
CORONA 29
1 1 1 2 2 3 7 14 14 16 40 63 78 118 124 125 144 369 914 2611 2849 6530 6798 8285 13437 47833 53473 89958 320174
CORONA 23
1 1 1 2 3 3 3 4 4 5 7 24 30 41 52 143 391 486 638 898 1692 3335 40396
