CORONA 28
1 1 1 1 16 21 37 38 60 81 103 267 551 580 633 676 694 854 1035 1952 2282 3717 5918 9384 10281 51611 67158 561734
CORONA 26
1 1 1 1 2 3 4 7 9 11 16 32 45 48 74 173 341 386 554 1866 3145 12564 23166 27422 48381 555784
CORONA 19
1 2 3 4 5 10 17 25 135 237 242 719 1324 2348 4890 6815 116758 201995 512525
CORONA 16
1 1 3 3 8 16 30 664 819 1758 1976 9586 10315 13029 59178 284763
CORONA 26
1 2 12 16 29 43 49 105 161 278 364 1205 1267 1306 1540 3138 3419 4349 4368 8877 12960 13505 18197 18771 21875 537822
CORONA 19
1 6 7 9 16 17 62 201 335 424 782 1492 1621 2248 3312 4574 8126 19800 102176
CORONA 30
1 2 3 7 14 15 17 21 65 67 81 83 104 112 336 375 480 513 557 630 3206 5791 6216 6342 9076 9942 23126 31404 46921 61771
CORONA 30
1 1 2 3 5 5 6 14 15 21 225 265 294 432 497 656 715 888 986 1661 2930 5820 19760 40095 43460 44846 65436 73353 243533 271240
CORONA 23
2 2 3 4 7 23 54 153 908 950 1459 3207 8371 9459 20409 21754 28884 30076 30785 50615 199164 246599 340669
CORONA 24
1 1 2 2 6 7 9 14 22 43 130 169 199 265 773 975 1166 1431 4619 12755 38153 45151 134469 173911
