CORONA 21
1 1 1 1 2 2 2 4 4 7 17 22 77 254 386 472 544 592 816 3543 8737
CORONA 22
4 5 16 24 29 34 64 66 110 229 240 312 407 1324 2541 4900 20947 32796 54180 62565 66488 262945
CORONA 27
2 2 3 3 5 7 9 9 10 12 17 52 65 517 1603 1723 2045 4144 4497 4837 6497 6679 10167 28973 51387 72172 270574
CORONA 26
1 1 1 1 3 4 4 4 13 14 22 101 127 130 199 587 818 894 1350 2598 5686 9187 23367 28933 38411 71202
CORONA 23
1 7 7 9 18 29 144 153 217 236 449 492 589 777 911 1230 1513 1747 6463 15306 17587 73731 88075
CORONA 24
1 1 2 3 4 7 23 25 62 163 274 282 351 567 638 2783 2888 4851 4935 7548 20235 27722 102816 420233
CORONA 29
1 1 1 2 3 4 5 6 6 12 13 18 21 23 28 127 141 163 792 825 925 2370 5165 7988 11570 36605 42700 52454 749563
CORONA 18
1 2 2 5 28 31 449 850 1363 2131 2696 3631 14722 17222 20008 22769 45098 238772
CORONA 21
1 2 3 7 9 11 18 30 61 92 216 1789 1904 3842 4191 11523 14738 16266 19464 100222 196582
CORONA 22
1 1 2 2 2 2 4 5 5 6 7 18 32 162 229 254 564 798 2277 2310 3127 573789
