CORONA 23
1 1 2 6 8 10 12 14 23 25 29 30 38 58 68 124 219 879 1000 1055 1959 6173 914410
CORONA 20
1 2 8 15 16 37 51 199 330 331 370 841 7550 11631 34797 37965 45277 58235 78538 325130
CORONA 25
1 1 2 2 6 7 10 44 44 68 80 179 458 583 2578 4752 6534 7143 8695 14335 16851 31597 50191 70936 688091
CORONA 26
1 1 4 6 13 18 19 23 25 32 50 81 90 531 802 2666 2969 3130 3523 4613 8792 24227 24613 29822 32796 37402
CORONA 21
1 1 1 2 2 4 5 5 14 35 125 274 277 326 330 496 1371 1678 4373 14460 541131
CORONA 30
1 1 1 3 3 5 13 41 42 49 109 121 124 181 298 703 877 1883 3237 7310 9291 18957 31968 70621 79103 81013 100093 111620 125388 143896
CORONA 36
1 1 1 1 3 5 10 13 29 37 44 45 46 98 224 233 509 689 710 779 1175 1202 1218 1726 1810 4016 5590 6622 7729 8453 8832 10750 11362 28229 50891 338618
CORONA 33
1 1 3 3 5 5 17 19 62 128 241 244 268 342 455 467 634 881 1045 1158 2063 2258 6691 7821 14096 19082 24278 48974 58866 61854 75143 130097 266831
CORONA 23
1 1 1 4 12 85 101 369 370 372 558 1123 1811 2374 3499 3814 8684 16833 20815 77912 106116 208891 354888
CORONA 34
1 1 1 1 2 2 3 5 5 5 7 7 11 17 48 53 120 192 211 407 513 574 651 736 1195 2677 6422 28456 50574 76383 79853 91474 133074 137562
