CORONA 20
1 1 2 2 4 5 6 33 37 111 164 289 491 982 1729 1946 2571 2689 4725 120506
CORONA 17
1 3 4 5 13 15 43 1702 7953 13672 16980 67285 78324 79025 133190 173424 249178
CORONA 32
1 1 1 1 2 2 2 4 7 7 8 9 11 18 20 387 470 808 967 1478 1499 5679 9408 10256 14493 26191 27397 40975 52340 75349 99992 227960
CORONA 29
1 1 1 1 1 1 11 17 84 106 243 307 359 1087 1293 1321 7858 8338 10464 10642 13157 13829 36539 64366 65168 85355 97684 227765 273275
CORONA 20
1 1 1 1 12 13 18 19 42 57 108 358 671 19352 22043 30787 33767 44655 53097 63683
CORONA 16
1 1 4 4 23 26 45 527 16972 30185 40575 44557 57629 86729 104927 105088
CORONA 22
1 1 1 2 2 2 4 8 28 123 161 467 931 1024 1218 7163 11105 24169 24717 40584 79012 372302
CORONA 31
1 1 1 1 2 11 17 22 43 65 151 210 213 267 322 623 632 646 687 1609 1895 2887 4995 5422 5699 6375 12401 16063 82986 121840 146959
CORONA 28
1 1 1 2 4 5 8 11 19 21 152 156 292 304 1008 1957 3818 4568 8306 9025 9535 10228 10570 27421 28561 81931 107780 469389
CORONA 26
1 1 1 8 17 33 37 43 44 105 150 247 251 490 1321 1797 1948 2016 2723 2965 6667 11839 17331 72478 114121 595567
