CORONA 26
1 1 1 9 9 13 14 52 56 92 106 121 130 585 878 1654 1815 3433 3911 8017 11897 17764 29135 33536 148781 663265
CORONA 26
1 1 1 3 4 4 9 18 30 55 164 207 220 451 780 862 1133 1440 1454 1858 2469 12251 22151 63556 137744 543639
CORONA 25
1 1 1 1 2 4 4 7 15 37 45 47 60 149 290 1080 1411 2347 2432 3467 3897 4917 42703 49271 186815
CORONA 13
1 5 9 9 13 23 613 631 2901 25135 27140 28229 94109
CORONA 22
1 1 1 1 2 2 13 13 25 32 40 64 112 195 1493 3023 3111 4265 9325 27009 50889 93026
CORONA 18
1 2 3 3 5 9 20 21 47 84 238 262 313 397 461 636 900 10720
CORONA 20
1 1 1 1 1 2 7 8 10 16 26 39 48 62 153 538 812 4213 5785 37418
CORONA 31
1 1 1 1 4 8 12 12 15 15 18 20 34 41 53 88 141 362 542 1167 1228 1387 1744 2333 3280 4401 7143 11009 113772 131086 155119
CORONA 21
1 1 4 9 9 21 46 67 257 743 2266 5898 13694 20442 22129 27708 33049 46229 47858 103666 565249
CORONA 29
1 1 2 2 3 5 5 8 11 13 21 22 125 247 804 872 934 1097 1206 1691 1955 3770 4123 6160 9440 18597 18892 32443 117431
