CORONA 23
1 1 1 1 1 5 6 9 11 22 22 30 58 62 72 199 277 975 1042 1086 16369 21115 71722
CORONA 23
1 3 7 10 14 42 82 113 127 140 355 526 1237 3277 3532 5298 9077 10141 19803 35254 41264 133384 230835
CORONA 26
1 1 2 6 16 16 20 33 40 44 83 164 471 1730 1736 1999 2422 3402 3446 4271 22926 23880 24327 42392 50324 69802
CORONA 26
1 1 2 3 9 11 12 14 47 48 176 511 768 2091 2465 3519 4063 4823 7930 11464 45773 63471 75612 120497 170667 305435
CORONA 24
1 1 1 1 2 5 6 24 25 36 78 147 196 297 527 1481 1833 3846 5840 8750 9106 12984 17352 380000
CORONA 18
2 2 2 5 7 12 14 24 24 136 1031 1981 2401 2564 5452 6373 12240 273903
CORONA 29
1 2 2 4 6 14 20 24 31 34 35 44 58 71 109 649 657 887 1408 1452 4296 9412 14937 17696 25808 105537 119742 163033 260236
CORONA 26
1 1 1 1 2 3 3 5 9 18 53 867 892 995 1121 1435 1467 3580 3659 5472 14374 20223 86117 116814 343999 385325
CORONA 23
1 1 3 9 9 13 20 30 34 58 176 292 399 543 879 5663 6106 13340 15192 18027 20448 177034 271615
CORONA 20
1 1 2 2 5 15 30 40 59 74 124 172 279 683 3443 6096 7730 9952 36920 48347
