CORONA 26
1 1 1 3 5 8 10 11 12 14 39 43 68 75 102 454 536 1540 2693 4500 8279 9710 12150 20267 54205 66004
CORONA 26
1 1 2 2 3 18 20 26 31 33 39 76 88 103 135 288 561 1654 1924 2282 5790 5812 8184 37282 96033 635580
CORONA 17
1 1 2 2 7 9 11 12 15 28 536 5552 6462 11292 20031 25368 97698
CORONA 21
1 4 4 4 5 6 6 8 10 15 60 85 176 549 1319 3789 5901 6444 7454 21680 439722
CORONA 23
1 1 2 2 3 3 6 7 15 16 27 56 56 57 70 722 734 1065 1251 2783 8064 9594 426205
CORONA 23
1 3 5 5 6 9 11 11 13 51 56 90 350 857 964 1029 1271 1641 13520 38786 47702 63083 209025
CORONA 16
1 5 13 14 25 25 64 140 167 624 1274 2154 2176 5620 13921 621562
CORONA 25
1 1 4 5 21 40 40 58 145 174 359 1505 1673 2400 3621 8935 11680 18013 20848 42693 63408 75573 133455 211968 370194
CORONA 21
1 3 3 4 4 5 15 16 58 118 376 607 668 2023 8707 11343 21404 35731 42824 236086 318913
CORONA 23
1 1 4 4 7 8 14 22 44 48 124 705 1067 2203 8900 16720 17686 29101 40717 48287 54181 132155 155837
