CORONA 26
1 2 3 5 5 8 9 15 41 42 58 61 65 73 143 155 192 201 268 496 688 889 1004 1589 3815 9446
CORONA 26
1 2 2 2 2 3 5 8 8 8 17 18 31 57 59 77 91 264 454 603 5348 7808 17151 43733 93964 219391
CORONA 31
1 1 1 1 1 1 2 4 4 6 13 14 17 54 96 116 175 654 828 2070 2524 5700 6329 11961 13569 17943 18743 24241 26754 121679 689150
CORONA 18
1 1 2 4 14 16 24 25 28 49 69 105 115 490 1377 2885 4630 125547
CORONA 20
1 1 1 3 7 26 50 60 80 91 286 374 530 649 657 1196 1672 2734 3329 208679
CORONA 22
1 1 1 2 12 21 22 33 42 44 66 124 158 206 467 531 2193 2566 2623 6469 10785 410243
CORONA 34
1 1 1 1 1 2 10 15 16 20 35 38 44 63 67 121 208 224 228 304 335 348 404 1093 2217 7229 14453 19638 25391 38654 77604 90060 135309 226624
CORONA 27
1 1 1 1 1 3 6 10 15 16 19 27 32 33 50 141 228 257 322 2411 2875 2952 23968 67866 74432 88854 335351
CORONA 19
1 1 2 3 3 17 20 41 50 70 103 193 250 1736 4789 8864 50459 50895 281109
CORONA 15
1 9 16 35 49 63 476 7050 7715 9146 12320 21866 109945 168022 178936
