CORONA 25
1 4 5 17 25 31 43 49 52 78 82 90 101 750 892 944 1144 1272 10335 16028 24255 35881 36949 44636 618056
CORONA 26
1 2 3 5 7 27 31 41 45 63 76 93 140 153 432 1748 1980 2410 2470 8332 8510 20109 34343 41882 45228 343154
CORONA 21
1 1 1 2 3 4 4 15 18 27 58 79 155 221 223 359 751 2240 4531 5782 158346
CORONA 24
1 2 3 8 9 11 14 16 25 48 61 124 246 319 1763 4088 4729 6307 7412 9387 17327 145534 351088 369272
CORONA 28
1 1 1 2 2 3 3 4 7 8 48 66 102 125 462 669 769 1015 1789 2160 2737 4363 4675 5056 19006 24360 29358 111727
CORONA 18
1 10 20 25 34 47 74 133 268 296 881 2898 6984 20678 52286 60456 106939 119274
CORONA 37
1 1 1 3 5 5 5 6 9 9 13 18 22 34 111 137 140 142 145 304 744 833 1314 1695 1797 3297 3916 6414 6440 7734 9543 9720 10230 10673 45183 63599 157459
CORONA 23
2 2 3 3 26 37 41 57 66 71 115 117 535 656 1206 1243 1304 1643 6379 7988 16234 58116 63865
CORONA 32
1 5 6 10 11 12 15 16 32 80 96 196 239 288 360 563 587 807 1127 1164 1197 2265 2272 3579 4564 5204 22988 28687 30346 45456 48300 298192
CORONA 21
1 2 5 33 34 38 50 69 95 97 195 457 508 1700 1891 52917 53914 74327 75617 78629 214689
