CORONA 17
1 1 1 1 1 2 5 8 31 52 107 114 199 293 307 1161 219353
CORONA 19
1 2 2 4 9 11 12 280 475 2318 3072 5761 14663 16344 24936 24993 30124 104304 427049
CORONA 21
1 8 36 40 55 68 91 240 248 321 412 664 1632 2315 6543 17557 22894 25412 53665 57949 172838
CORONA 21
1 4 5 7 25 38 77 104 115 139 336 753 1070 1081 1192 1299 1956 2077 48003 106941 256317
CORONA 25
1 2 4 5 6 11 26 57 103 128 176 201 387 398 460 532 625 720 1295 2023 2637 5300 18125 93357 193073
CORONA 27
1 1 1 3 4 6 13 18 22 22 27 36 109 110 441 816 900 1793 3956 5353 5863 19694 21889 38522 48773 51277 192378
CORONA 25
1 1 1 2 3 3 4 21 30 68 141 218 322 451 471 647 1764 6537 8175 14005 15258 30126 38724 116694 395457
CORONA 35
2 3 5 8 9 9 10 13 24 25 32 36 49 82 100 102 121 135 441 476 484 501 718 765 1404 4275 12479 13241 18218 22495 23949 30005 37819 118615 319098
CORONA 20
1 1 1 2 4 7 25 103 219 333 705 739 778 1058 1730 2399 4827 51835 101032 168663
CORONA 27
1 1 4 4 11 11 42 51 56 130 160 208 242 285 286 471 656 959 1012 2458 4689 21443 36975 37456 48052 63533 66169
