CORONA 25
1 2 6 7 16 21 52 54 139 179 207 396 470 616 742 915 1474 1586 3624 3999 6759 19261 22813 46386 131082
CORONA 29
1 2 6 6 17 18 18 20 22 57 146 197 230 656 801 922 1095 1263 2598 3099 6215 8116 11904 40918 41288 68428 78929 85962 584022
CORONA 14
7 11 17 29 32 41 54 63 78 230 1734 4977 19717 216876
CORONA 27
1 1 1 2 3 17 21 21 24 44 73 97 132 229 362 453 1122 1919 2832 2900 3761 4564 4642 8856 15184 18312 21572
CORONA 28
1 1 2 4 6 19 35 63 108 210 472 912 1790 1869 2284 2626 3408 3723 4669 6199 9181 12079 23685 23733 36063 40173 54903 247708
CORONA 21
1 1 2 2 2 6 34 89 92 105 127 205 226 950 1398 2002 3519 9825 23757 63285 70155
CORONA 16
1 2 4 5 15 28 35 452 619 889 1044 8141 10720 20338 46368 799172
CORONA 30
1 1 2 3 3 5 9 9 22 34 84 96 117 246 317 544 689 724 951 968 1229 2899 3668 3944 7514 7882 23916 59391 62126 115414
CORONA 28
1 1 3 6 7 12 26 40 40 50 53 77 81 86 87 119 197 247 255 299 352 4823 6577 33804 86152 180026 193004 475385
CORONA 36
1 1 1 1 1 4 6 9 11 12 22 33 49 62 63 232 318 926 931 1074 1477 1744 2041 2143 3619 4334 5574 6483 8289 12042 14150 16841 40742 53438 159199 228575
