CORONA 18
1 1 1 10 12 12 19 35 85 235 459 744 1597 3632 5078 5689 7490 25699
CORONA 20
1 4 28 69 73 84 142 162 183 196 216 269 342 343 1428 13074 41875 49535 90456 125583
CORONA 16
1 1 1 10 12 35 77 78 272 2174 2990 3345 3767 4963 8110 804521
CORONA 23
1 2 5 7 8 18 20 26 137 572 765 826 2679 6046 14593 28944 29093 38739 41602 86140 100479 102652 172798
CORONA 19
1 2 5 7 8 18 22 63 79 89 98 229 476 2449 23657 53950 73421 84802 589720
CORONA 17
1 1 2 4 4 5 6 19 40 80 103 107 137 383 391 715 309171
CORONA 32
1 1 1 1 1 2 2 3 3 5 7 16 17 32 87 100 125 135 136 140 180 191 210 259 313 417 452 2986 51296 110137 117162 312977
CORONA 30
1 1 3 4 6 11 14 25 27 36 41 43 70 71 174 301 379 421 436 501 546 975 2187 8271 11104 12048 14371 15651 51841 93346
CORONA 25
1 2 2 3 3 5 8 11 13 24 40 59 236 264 404 442 483 738 1603 4519 5189 8428 74401 152534 179901
CORONA 29
1 2 3 3 6 6 9 10 11 12 13 13 25 37 100 278 304 583 767 1301 2168 2668 8538 12245 17078 33442 51090 91647 218688
