CORONA 24
1 1 1 1 1 1 1 3 4 6 27 46 71 113 1946 2293 2596 5188 15953 26306 42381 55537 57577 322533
CORONA 28
1 1 2 2 2 3 3 4 5 7 7 14 18 95 168 239 527 532 659 853 2554 2803 3117 5974 6513 7609 133072 717586
CORONA 25
1 1 6 7 13 18 34 38 105 112 195 246 616 887 1743 4355 4564 4659 7167 12432 21839 151175 169117 222573 350083
CORONA 33
1 1 2 2 3 6 6 8 14 79 108 143 178 201 234 370 390 783 910 1220 1257 1476 4208 6899 7834 10265 14051 66528 77070 83893 123388 155365 164878
CORONA 29
2 2 2 3 3 5 18 19 35 44 46 181 198 279 546 727 920 1123 1582 3727 8272 24994 51315 54169 61182 64755 77407 89924 254203
CORONA 23
1 3 3 4 4 6 9 10 19 33 33 39 129 360 492 1122 1665 2759 8676 13578 23825 42895 50465
CORONA 21
1 2 3 4 8 10 32 39 63 116 131 133 185 209 267 275 416 753 1140 1329 10356
CORONA 22
1 3 3 4 4 11 18 19 22 189 513 693 909 958 2200 4472 5826 8036 12355 16519 43247 69033
CORONA 22
1 1 2 2 2 3 9 10 14 149 843 1065 1595 2588 5085 15866 37294 41507 70389 71896 175177 423814
CORONA 17
3 3 3 3 4 26 27 54 303 330 478 972 1096 6589 7543 14607 181092
