CORONA 24
1 1 1 1 4 4 4 11 19 27 56 201 208 488 703 753 2310 5533 11265 13237 15061 36691 323805 513466
CORONA 18
1 1 1 4 13 69 75 131 214 631 2339 2395 2697 8003 10377 24959 42984 50237
CORONA 20
1 3 6 9 9 12 17 21 24 26 33 45 174 205 233 334 1198 5926 44018 81336
CORONA 27
1 1 1 2 2 2 3 4 4 4 20 48 53 61 62 69 190 196 220 599 2126 8173 9825 13074 27837 37345 89157
CORONA 28
1 1 1 4 5 5 13 18 58 88 133 168 221 317 695 2347 2513 2750 4419 9336 14921 15528 18745 29079 60687 102035 261079 400756
CORONA 21
1 2 6 10 11 14 24 62 164 194 245 400 444 502 665 746 4141 4793 18167 122413 205296
CORONA 19
1 4 19 21 166 303 368 1194 1339 1764 2803 5051 5198 8268 8420 9824 18174 30328 51729
CORONA 18
1 1 1 1 2 2 3 13 45 56 102 137 195 316 621 3107 3478 8219
CORONA 21
1 1 2 3 5 11 11 17 28 37 41 86 194 440 956 1182 1284 1386 2275 4404 19022
CORONA 25
1 1 1 1 2 2 5 6 13 33 47 60 104 268 1465 1756 5270 5945 6385 13482 14767 28148 53139 136329 215748
