CORONA 25
1 2 3 5 7 11 24 25 32 52 97 253 591 1187 1258 2013 3270 22732 25128 55929 83794 85612 159569 187784 262329
CORONA 34
1 1 3 4 4 4 5 6 7 8 11 12 12 13 45 100 144 161 179 205 271 315 477 744 1302 2295 8195 10672 20357 21388 37611 56525 112819 190604
CORONA 23
1 1 1 4 6 7 13 17 40 105 139 246 2212 2631 5097 8043 10357 14775 44889 45176 69581 69738 112019
CORONA 34
1 1 1 6 6 8 12 16 16 24 31 61 104 125 129 195 217 389 978 1252 2084 4337 4980 5457 6791 11528 11596 16696 21446 59047 60651 62332 75013 417823
CORONA 24
1 1 1 2 3 4 8 21 23 35 50 105 521 630 1041 3590 4423 13651 14428 54658 55515 90454 162172 351466
CORONA 27
1 1 5 11 23 46 103 129 153 184 202 229 343 364 553 680 688 1642 3993 5718 5812 12893 34550 48889 65810 77621 316286
CORONA 21
1 5 11 19 19 20 29 29 30 67 153 296 788 1118 1129 1219 2167 2405 4707 13051 323952
CORONA 30
1 1 2 6 11 14 16 22 27 76 106 107 174 272 347 653 736 904 1013 1184 1462 1732 1833 2858 10183 10292 11250 11285 25943 42157
CORONA 18
1 1 2 2 3 4 9 15 20 22 31 37 56 972 7411 15992 117334 321330
CORONA 27
1 1 2 6 8 30 38 72 80 94 124 1098 1702 1975 2268 5049 7113 7854 13097 22200 35802 51263 51402 59626 108617 200540 377044
