CORONA 22
1 3 11 20 37 47 64 513 583 613 709 1814 3701 4649 4915 5486 6156 10318 12150 16868 124459 340552
CORONA 23
1 1 2 5 7 9 29 46 80 479 717 878 1172 5732 6139 7754 9792 32340 41557 42878 44656 56917 317535
CORONA 20
1 6 39 45 48 93 123 420 589 1490 3996 4391 9551 10833 19188 44968 89953 106159 266740 395133
CORONA 24
2 2 2 5 8 11 42 80 92 141 144 146 225 240 254 330 359 832 29429 37632 65546 68959 95750 116665
CORONA 22
3 4 4 6 10 14 16 23 51 138 177 304 424 429 657 813 1128 1804 1998 14379 44808 59999
CORONA 20
1 3 4 10 14 18 31 166 274 379 2440 13323 20287 26398 26816 26849 34608 51469 141453 337166
CORONA 15
1 1 1 7 9 20 39 48 54 460 537 706 4408 9210 24910
CORONA 18
1 1 5 6 7 12 73 79 93 179 263 799 5235 9781 74800 97982 209648 292874
CORONA 36
1 1 1 1 1 1 2 2 4 11 12 17 17 32 35 69 75 87 97 108 134 175 280 391 596 802 2651 2692 8913 9700 14614 14988 68409 77314 84050 572791
CORONA 26
1 3 6 7 7 7 8 9 16 23 25 45 190 214 320 374 513 1612 2046 6637 6841 8802 12672 111352 224149 402529
