CORONA 28
1 1 2 2 3 3 4 4 6 8 10 30 143 168 183 335 496 1913 2261 3143 6187 7754 8628 9604 12046 25696 253441 535359
CORONA 23
1 1 4 5 7 10 10 11 15 30 115 168 177 224 319 458 568 785 1082 1116 3255 4525 206052
CORONA 24
1 3 4 6 11 65 106 115 185 204 287 417 445 1152 1842 2222 3370 3372 4521 5778 7269 20973 41102 109625
CORONA 21
1 1 1 7 10 21 24 26 42 47 100 175 206 357 1272 2002 2903 4222 15106 38390 868000
CORONA 32
1 2 2 2 3 7 7 11 11 20 30 112 125 166 205 232 421 698 980 1439 1789 2211 6048 12962 23344 32071 70306 75827 112764 135206 142969 191309
CORONA 25
1 4 4 6 9 16 19 25 33 115 137 178 303 452 580 591 736 933 1076 1211 1757 2529 2603 22058 63531
CORONA 26
2 2 3 3 4 5 12 20 40 41 84 143 263 333 414 1090 1402 3033 3548 6016 9193 10331 11268 34218 41141 58330
CORONA 19
1 1 2 9 10 11 12 22 23 41 249 272 289 2373 2464 8736 9621 20043 46754
CORONA 25
1 1 2 2 3 4 7 10 15 16 30 52 79 98 170 722 868 928 1971 3131 10747 14209 54189 57949 74667
CORONA 29
2 3 3 3 9 10 10 11 25 27 30 53 74 106 144 161 343 650 998 1950 3661 5777 7523 10543 28914 61423 78781 114954 218847
