CORONA 23
1 2 2 3 4 25 30 107 134 134 151 243 510 734 1315 1325 3034 5200 9035 9331 30830 35887 761219
CORONA 25
1 2 3 6 7 8 8 12 37 55 75 81 105 197 310 542 886 2664 2785 3442 15017 23031 41178 75503 326683
CORONA 19
2 2 2 2 3 3 9 68 195 205 383 2058 9152 10651 14584 17059 38064 46668 59344
CORONA 12
2 6 13 36 106 438 527 1488 1637 2045 8314 113818
CORONA 24
2 3 4 7 11 14 16 48 69 75 86 122 129 181 181 246 279 2042 2493 3325 6194 6383 33944 48446
CORONA 25
1 1 1 3 4 6 23 28 32 65 139 178 710 892 918 1740 1959 2967 7911 17043 18934 30672 40874 59566 556069
CORONA 17
3 3 5 10 27 29 65 94 98 147 254 1386 1686 13050 13373 19767 230019
CORONA 39
1 1 2 3 5 7 7 9 10 11 15 34 49 60 68 69 76 135 149 166 276 398 975 1095 1159 1601 1719 1762 2063 2919 3581 5912 6047 6752 19813 23829 36238 53060 146488
CORONA 27
1 1 1 1 1 2 5 6 6 7 13 19 21 23 33 186 260 329 859 1193 2290 2811 3088 3163 3570 19158 57405
CORONA 19
1 4 37 176 342 555 1099 1229 1450 1622 3491 8666 10564 11424 24920 29730 39048 121764 370533
