CORONA 33
1 1 1 2 4 5 5 8 29 39 41 48 62 107 161 174 202 327 341 1441 1516 3454 4309 13374 15241 16163 17943 18882 48874 52423 57013 140065 164764
CORONA 29
1 1 1 1 1 2 3 5 5 9 12 33 172 339 341 380 493 1062 1107 3140 3332 3781 4151 16398 25225 59577 85616 111797 490686
CORONA 24
1 3 4 5 6 6 6 21 27 61 65 217 283 333 375 581 826 1444 2112 2776 3219 4164 42665 93423
CORONA 25
1 2 13 25 27 31 53 168 201 248 258 436 689 823 5159 7048 29492 29737 54352 55349 84244 99238 114830 166402 294874
CORONA 27
1 3 4 5 12 26 47 60 136 146 221 253 377 381 726 781 834 1874 1932 9082 18035 31841 38941 72588 87559 125140 528503
CORONA 23
1 1 2 3 5 22 31 37 85 144 410 579 752 942 1392 4619 5363 8529 12167 13085 20273 33512 499591
CORONA 28
1 2 2 2 3 5 5 7 7 7 12 35 35 43 46 81 240 306 392 399 474 903 1420 2841 3830 5927 6360 49415
CORONA 27
5 13 19 25 112 116 117 135 162 298 340 706 981 1111 2320 2480 3055 4712 5297 9372 11879 12352 16119 43029 50335 65852 84863
CORONA 27
1 1 2 2 3 3 4 8 11 17 31 38 38 119 203 250 441 727 776 1091 1195 1242 2608 4239 21389 153242 198704
CORONA 34
1 1 2 5 6 8 28 32 41 65 67 85 99 116 172 172 235 260 285 339 508 668 3719 4574 4818 15346 20936 24005 28078 32084 35460 35871 66641 99203
